version 4

gravity	0.0	0.0	-9.81




// --------------------------------------------------------------
// SEGMENTS
// --------------------------------------------------------------

segment	root
	parent	base
	RTinMatrix	1
	RT
		1.000000	0.000000	0.000000	0.000000
		0.000000	1.000000	0.000000	0.000000
		0.000000	0.000000	1.000000	0.000000
		0.000000	0.000000	0.000000	1.000000
endsegment



segment	ground
	parent	root
	RTinMatrix	1
	RT
		-1.000000	0.000000	0.000000	0.000000
		0.000000	0.000000	1.000000	0.000000
		-0.000000	1.000000	-0.000000	0.000000
		0.000000	0.000000	0.000000	1.000000
endsegment



segment	pelvis_parent_offset
	parent	ground
	RTinMatrix	1
	RT
		1.000000	0.000000	0.000000	0.000000
		0.000000	1.000000	0.000000	0.000000
		0.000000	0.000000	1.000000	0.000000
		0.000000	0.000000	0.000000	1.000000
endsegment



segment	pelvis_translation
	parent	pelvis_parent_offset
	RTinMatrix	1
	RT
		1.000000	0.000000	0.000000	-0.743330
		0.000000	1.000000	0.000000	0.947112
		0.000000	0.000000	1.000000	0.511678
		0.000000	0.000000	0.000000	1.000000
	translations	xyz
	rangesQ 
		-3.000000	3.000000
		-3.000000	3.000000
		-3.000000	3.000000

endsegment



segment	pelvis_rotation_transform
	parent	pelvis_translation
	RTinMatrix	1
	RT
		-0.026760	-0.978943	-0.202373	0.000000
		0.021949	-0.202972	0.978939	0.000000
		-0.999401	0.021754	0.026919	0.000000
		0.000000	0.000000	0.000000	1.000000
	rotations	xyz
	rangesQ 
		-0.785398	0.785398
		-0.785398	0.785398
		-3.141593	3.141593

endsegment



segment	pelvis_reset_axis
	parent	pelvis_rotation_transform
	RTinMatrix	1
	RT
		0.000000	0.000000	1.000000	0.000000
		1.000000	0.000000	0.000000	0.000000
		0.000000	1.000000	0.000000	0.000000
		0.000000	0.000000	0.000000	1.000000
endsegment



segment	pelvis_geom_2
	parent	pelvis_reset_axis
	RTinMatrix	1
	RT
		1.000000	0.000000	0.000000	-0.000000
		0.000000	1.000000	0.000000	0.000000
		0.000000	0.000000	1.000000	0.000000
		0.000000	0.000000	0.000000	1.000000
	meshfile	../../../external/biomechanics_models/Geometry_triangle/pelvis.vtp
	meshcolor	1.0	1.0	1.0
	meshscale	1.0	1.0	1.0
	meshrt	0.0	0.0	0.0	xyz	0.0	0.0	0.0
endsegment



segment	pelvis_geom_3
	parent	pelvis_reset_axis
	RTinMatrix	1
	RT
		1.000000	0.000000	0.000000	-0.000000
		0.000000	1.000000	0.000000	0.000000
		0.000000	0.000000	1.000000	0.000000
		0.000000	0.000000	0.000000	1.000000
	meshfile	../../../external/biomechanics_models/Geometry_triangle/l_pelvis.vtp
	meshcolor	1.0	1.0	1.0
	meshscale	0.9014157967790553	0.9014157967790553	0.9014157967790553
	meshrt	0.0	0.0	0.0	xyz	0.0	0.0	0.0
endsegment



segment	pelvis
	parent	pelvis_geom_3
	RTinMatrix	1
	RT
		1.000000	0.000000	0.000000	0.000000
		-0.000000	1.000000	0.000000	-0.000000
		0.000000	0.000000	1.000000	0.000000
		0.000000	0.000000	0.000000	1.000000
	mass	9.204490493727011
	CenterOfMass	-0.063730	0.000000	0.000000
	inertia
		0.065284	0.000000	0.000000
		0.000000	0.055314	0.000000
		0.000000	0.000000	0.036770
	meshfile	../../../external/biomechanics_models/Geometry_triangle/sacrum.vtp
	meshcolor	1.0	1.0	1.0
	meshscale	0.9014157967790553	0.9014157967790553	0.9014157967790553
	meshrt	0.0	0.0	0.0	xyz	0.0	0.0	0.0
endsegment

marker	RASIS
	parent	pelvis
	position	-0.00846260	0.04876287	0.13869885
	technical	1
	anatomical	0
endmarker
marker	LASIS
	parent	pelvis
	position	-0.00264766	0.05055645	-0.11019161
	technical	1
	anatomical	0
endmarker
marker	LPSIS
	parent	pelvis
	position	-0.18032542	0.03739974	-0.03496473
	technical	1
	anatomical	0
endmarker
marker	RPSIS
	parent	pelvis
	position	-0.17662750	0.03282449	0.05118722
	technical	1
	anatomical	0
endmarker



segment	femur_r_parent_offset
	parent	pelvis
	RTinMatrix	1
	RT
		1.000000	0.000000	0.000000	-0.009837
		0.000000	1.000000	0.000000	0.010899
		0.000000	0.000000	1.000000	-0.029077
		0.000000	0.000000	0.000000	1.000000
endsegment



segment	femur_r_translation
	parent	femur_r_parent_offset
	RTinMatrix	1
	RT
		1.000000	0.000000	0.000000	0.000000
		0.000000	1.000000	0.000000	0.000000
		0.000000	0.000000	1.000000	0.000000
		0.000000	0.000000	0.000000	1.000000
endsegment



segment	femur_r_rotation_transform
	parent	femur_r_translation
	RTinMatrix	1
	RT
		0.030417	0.980066	-0.196331	-0.000000
		0.078843	0.193457	0.977936	0.000000
		0.996423	-0.045225	-0.071387	-0.000000
		0.000000	0.000000	0.000000	1.000000
	rotations	xyz
	rangesQ 
		-0.698132	2.094395
		-1.047198	0.523599
		-0.523599	0.523599

endsegment



segment	femur_r_reset_axis
	parent	femur_r_rotation_transform
	RTinMatrix	1
	RT
		0.000000	0.000000	1.000000	0.000000
		1.000000	0.000000	0.000000	0.000000
		0.000000	1.000000	0.000000	0.000000
		0.000000	0.000000	0.000000	1.000000
endsegment



segment	femur_r
	parent	femur_r_reset_axis
	RTinMatrix	1
	RT
		1.000000	0.000000	0.000000	-0.053893
		0.000000	1.000000	0.000000	-0.070482
		0.000000	0.000000	1.000000	0.104345
		0.000000	0.000000	0.000000	1.000000
	mass	8.686014994691215
	CenterOfMass	-0.017280	-0.178410	-0.007570
	inertia
		0.145050	0.000000	0.000000
		0.000000	0.038023	0.000000
		0.000000	0.000000	0.152958
	meshfile	../../../external/biomechanics_models/Geometry_triangle/femur_r.vtp
	meshcolor	1.0	1.0	1.0
	meshscale	1.0770412567359982	1.0770412567359982	1.0770412567359982
	meshrt	2.096757952957943e-14	-1.1276762184014019e-14	2.9576735465216797e-14	xyz	-0.017280026200913734	0.004687248713868719	-0.007569517883396826
endsegment

marker	RLFE
	parent	femur_r
	position	-0.00669583	-0.41292418	0.04416398
	technical	1
	anatomical	0
endmarker
marker	RMFE
	parent	femur_r
	position	-0.02657323	-0.42321396	-0.05740009
	technical	1
	anatomical	0
endmarker
marker	RGT
	parent	femur_r
	position	-0.01840212	-0.01090553	0.10937509
	technical	1
	anatomical	0
endmarker
marker	R_fem_up
	parent	femur_r
	position	-0.03978678	-0.19894175	0.10313961
	technical	1
	anatomical	0
endmarker
marker	R_fem_downF
	parent	femur_r
	position	-0.00495579	-0.33567662	0.07874117
	technical	1
	anatomical	0
endmarker
marker	R_fem_downB
	parent	femur_r
	position	-0.05593378	-0.32119325	0.07328085
	technical	1
	anatomical	0
endmarker



segment	tibia_r_parent_offset
	parent	femur_r
	RTinMatrix	1
	RT
		0.987478	0.097152	0.124292	-0.016635
		-0.108454	0.990231	0.087639	-0.418069
		-0.114563	-0.100021	0.988368	-0.006618
		0.000000	0.000000	0.000000	1.000000
endsegment



segment	tibia_r_translation
	parent	tibia_r_parent_offset
	RTinMatrix	1
	RT
		1.000000	0.000000	0.000000	0.000000
		0.000000	1.000000	0.000000	0.000000
		0.000000	0.000000	1.000000	0.000000
		0.000000	0.000000	0.000000	1.000000
endsegment



segment	tibia_r_rotation_transform
	parent	tibia_r_translation
	RTinMatrix	1
	RT
		0.000000	0.108625	-0.994083	-0.000000
		0.000000	0.994083	0.108625	0.000000
		1.000000	0.000000	-0.000000	-0.000000
		0.000000	0.000000	0.000000	1.000000
	rotations	x
	rangesQ 
		-2.617994	0.000000

endsegment



segment	tibia_r_reset_axis
	parent	tibia_r_rotation_transform
	RTinMatrix	1
	RT
		0.000000	0.000000	1.000000	0.000000
		0.000000	1.000000	0.000000	0.000000
		-1.000000	-0.000000	-0.000000	0.000000
		0.000000	0.000000	0.000000	1.000000
endsegment



segment	tibia_r_geom_2
	parent	tibia_r_reset_axis
	RTinMatrix	1
	RT
		1.000000	0.000000	0.000000	0.000000
		0.000000	1.000000	0.000000	0.000000
		0.000000	0.000000	1.000000	-0.000000
		0.000000	0.000000	0.000000	1.000000
	meshfile	../../../external/biomechanics_models/Geometry_triangle/fibula_r.vtp
	meshcolor	1.0	1.0	1.0
	meshscale	0.9450941486722327	0.9450941486722327	0.9450941486722327
	meshrt	0.10145596859198872	-0.1142853708731239	0.0977810643527413	xyz	-0.0011125274526863072	0.002610808563512146	-0.0007831021649323533
endsegment



segment	tibia_r
	parent	tibia_r_geom_2
	RTinMatrix	1
	RT
		1.000000	0.000000	0.000000	0.000000
		0.000000	1.000000	0.000000	0.000000
		0.000000	0.000000	1.000000	0.000000
		0.000000	0.000000	0.000000	1.000000
	mass	3.0380586098200664
	CenterOfMass	0.018053	-0.171893	-0.018538
	inertia
		0.036503	0.003568	0.000310
		0.003568	0.004466	-0.003356
		0.000310	-0.003356	0.037054
	meshfile	../../../external/biomechanics_models/Geometry_triangle/tibia_r.vtp
	meshcolor	1.0	1.0	1.0
	meshscale	0.9450941486722327	0.9450941486722327	0.9450941486722327
	meshrt	0.10145596859198872	-0.1142853708731239	0.0977810643527413	xyz	-0.0011125274526863072	0.002610808563512146	-0.0007831021649323533
endsegment

marker	RATT
	parent	tibia_r
	position	0.03371222	-0.04251723	0.00147436
	technical	1
	anatomical	0
endmarker
marker	RLM
	parent	tibia_r
	position	0.02405712	-0.40038862	0.00156522
	technical	1
	anatomical	0
endmarker
marker	RSPH
	parent	tibia_r
	position	0.06059680	-0.37432473	-0.07781004
	technical	1
	anatomical	0
endmarker
marker	R_tib_up
	parent	tibia_r
	position	0.05370996	-0.16534679	-0.01066363
	technical	1
	anatomical	0
endmarker
marker	R_tib_downF
	parent	tibia_r
	position	0.06628380	-0.26043795	-0.01840837
	technical	1
	anatomical	0
endmarker
marker	R_tib_downB
	parent	tibia_r
	position	0.05498219	-0.26439230	-0.05771681
	technical	1
	anatomical	0
endmarker



segment	talus_r_parent_offset
	parent	tibia_r
	RTinMatrix	1
	RT
		0.988731	-0.108618	-0.103021	0.043029
		0.096988	0.988978	-0.111874	-0.399300
		0.114037	0.100621	0.988368	-0.041675
		0.000000	0.000000	0.000000	1.000000
endsegment



segment	talus_r_translation
	parent	talus_r_parent_offset
	RTinMatrix	1
	RT
		1.000000	0.000000	0.000000	0.000000
		0.000000	1.000000	0.000000	0.000000
		0.000000	0.000000	1.000000	0.000000
		0.000000	0.000000	0.000000	1.000000
endsegment



segment	talus_r_ankle_angle_r
	parent	talus_r_translation
	RTinMatrix	1
	RT
		-0.105014	0.648902	-0.753590	0.000000
		-0.174022	0.734097	0.656367	-0.000000
		0.979126	0.200069	0.035833	0.000000
		0.000000	0.000000	0.000000	1.000000
	rotations	x
	rangesQ 
		-0.872665	0.523599

endsegment



segment	talus_r_rotation_1
	parent	talus_r_ankle_angle_r
	RTinMatrix	1
	RT
		0.585811	-0.174022	0.791544	-0.000000
		0.616882	0.729179	-0.296235	-0.000000
		-0.525625	0.661827	0.534512	0.000000
		0.000000	0.000000	0.000000	1.000000
endsegment



segment	talus_r_rotation_2
	parent	talus_r_rotation_1
	RTinMatrix	1
	RT
		-0.559395	0.202409	0.803808	0.000000
		0.340247	0.940336	-0.000000	0.000000
		-0.755850	0.273493	-0.594888	0.000000
		0.000000	0.000000	0.000000	1.000000
endsegment



segment	talus_r_reset_axis
	parent	talus_r_rotation_2
	RTinMatrix	1
	RT
		0.100278	0.340247	-0.934974	0.000000
		-0.036284	0.940336	0.338306	-0.000000
		0.994298	-0.000000	0.106641	0.000000
		0.000000	0.000000	0.000000	1.000000
endsegment



segment	talus_r
	parent	talus_r_reset_axis
	RTinMatrix	1
	RT
		1.000000	0.000000	0.000000	0.000000
		0.000000	1.000000	0.000000	0.000000
		0.000000	0.000000	1.000000	0.000000
		0.000000	0.000000	0.000000	1.000000
	mass	0.08898133172726456
	CenterOfMass	0.000000	0.000000	0.000000
	inertia
		0.000937	0.000000	0.000000
		0.000000	0.000937	0.000000
		0.000000	0.000000	0.000937
	meshfile	../../../external/biomechanics_models/Geometry_triangle/talus_rv.vtp
	meshcolor	1.0	1.0	1.0
	meshscale	1.0262637463639717	1.0262637463639717	1.0262637463639717
	meshrt	0.0	0.0	0.0	xyz	0.0	0.0	0.0
endsegment



segment	calcn_r_parent_offset
	parent	talus_r
	RTinMatrix	1
	RT
		1.000000	0.000000	0.000000	-0.054446
		0.000000	1.000000	0.000000	0.361088
		0.000000	0.000000	1.000000	0.008878
		0.000000	0.000000	0.000000	1.000000
endsegment



segment	calcn_r_translation
	parent	calcn_r_parent_offset
	RTinMatrix	1
	RT
		1.000000	0.000000	0.000000	0.000000
		0.000000	1.000000	0.000000	0.000000
		0.000000	0.000000	1.000000	0.000000
		0.000000	0.000000	0.000000	1.000000
endsegment



segment	calcn_r_subtalar_angle_r
	parent	calcn_r_translation
	RTinMatrix	1
	RT
		0.787180	0.055036	0.614263	-0.000000
		0.604747	0.126450	-0.786315	-0.000000
		-0.120949	0.990445	0.066256	-0.000000
		0.000000	0.000000	0.000000	1.000000
	rotations	x
	rangesQ 
		-0.261799	0.261799

endsegment



segment	calcn_r_rotation_1
	parent	calcn_r_subtalar_angle_r
	RTinMatrix	1
	RT
		0.765715	0.604747	-0.219000	0.000000
		0.215108	0.080102	0.973300	0.000000
		0.606143	-0.792379	-0.068750	-0.000000
		0.000000	0.000000	0.000000	1.000000
endsegment



segment	calcn_r_rotation_2
	parent	calcn_r_rotation_1
	RTinMatrix	1
	RT
		-0.767510	0.579063	-0.274981	0.000000
		0.602281	0.798284	-0.000000	-0.000000
		0.219513	-0.165616	-0.961450	0.000000
		0.000000	0.000000	0.000000	1.000000
endsegment



segment	calcn_r_reset_axis
	parent	calcn_r_rotation_2
	RTinMatrix	1
	RT
		-0.789025	0.602281	0.121233	0.000000
		0.595295	0.798284	-0.091467	-0.000000
		-0.151867	-0.000000	-0.988401	0.000000
		0.000000	0.000000	0.000000	1.000000
endsegment



segment	calcn_r
	parent	calcn_r_reset_axis
	RTinMatrix	1
	RT
		1.000000	0.000000	0.000000	0.004395
		0.000000	1.000000	0.000000	-0.404140
		0.000000	0.000000	1.000000	-0.000750
		0.000000	0.000000	0.000000	1.000000
	mass	1.1122666465908069
	CenterOfMass	0.099398	0.031237	-0.018768
	inertia
		0.001312	0.000000	0.000000
		0.000000	0.003655	0.000000
		0.000000	0.000000	0.003842
	meshfile	../../../external/biomechanics_models/Geometry_triangle/foot.vtp
	meshcolor	1.0	1.0	1.0
	meshscale	1.0262637463639717	1.0262637463639717	1.0262637463639717
	meshrt	3.11696285043559e-08	-5.474421102759546e-09	1.521410846716708e-08	xyz	-0.00322839339440828	0.00044867937216294673	-0.0187681184697715
endsegment

marker	RCAL
	parent	calcn_r
	position	-0.01338296	0.00729105	-0.04086677
	technical	1
	anatomical	0
endmarker
marker	RMFH1
	parent	calcn_r
	position	0.18050651	0.00941126	-0.06798766
	technical	1
	anatomical	0
endmarker
marker	RMFH5
	parent	calcn_r
	position	0.16725842	-0.00673834	0.04151962
	technical	1
	anatomical	0
endmarker
marker	R_foot_up
	parent	calcn_r
	position	0.13804972	0.06850503	-0.02067237
	technical	1
	anatomical	0
endmarker



segment	toes_r_parent_offset
	parent	calcn_r
	RTinMatrix	1
	RT
		1.000000	0.000000	0.000000	0.180268
		0.000000	1.000000	0.000000	-0.001604
		0.000000	0.000000	1.000000	-0.017660
		0.000000	0.000000	0.000000	1.000000
endsegment



segment	toes_r_translation
	parent	toes_r_parent_offset
	RTinMatrix	1
	RT
		1.000000	0.000000	0.000000	-0.000000
		0.000000	1.000000	0.000000	-0.000000
		0.000000	0.000000	1.000000	-0.000000
		0.000000	0.000000	0.000000	1.000000
endsegment



segment	toes_r_rotation_transform
	parent	toes_r_translation
	RTinMatrix	1
	RT
		-0.580954	-0.095354	-0.808331	-0.000000
		0.000000	0.993114	-0.117152	0.000000
		0.813936	-0.068060	-0.576954	0.000000
		0.000000	0.000000	0.000000	1.000000
endsegment



segment	toes_r_reset_axis
	parent	toes_r_rotation_transform
	RTinMatrix	1
	RT
		-0.580954	0.000000	0.813936	-0.000000
		0.000000	1.000000	0.000000	-0.000000
		-0.813936	-0.000000	-0.580954	-0.000000
		0.000000	0.000000	0.000000	1.000000
endsegment



segment	toes_r
	parent	toes_r_reset_axis
	RTinMatrix	1
	RT
		1.000000	0.000000	0.000000	0.000000
		0.000000	1.000000	0.000000	0.000000
		0.000000	0.000000	1.000000	0.000000
		0.000000	0.000000	0.000000	1.000000
	mass	0.192733564521255
	CenterOfMass	0.035509	0.006158	-0.017960
	inertia
		0.000094	0.000000	0.000000
		0.000000	0.000187	0.000000
		0.000000	0.000000	0.000937
	meshfile	../../../external/biomechanics_models/Geometry_triangle/bofoot.vtp
	meshcolor	1.0	1.0	1.0
	meshscale	1.0262637463639717	1.0262637463639717	1.0262637463639717
	meshrt	0.0	0.0	0.0	xyz	0.0	0.0	0.0
endsegment

marker	RTT2
	parent	toes_r
	position	0.05880465	0.02709034	0.01449620
	technical	1
	anatomical	0
endmarker



segment	femur_l_parent_offset
	parent	pelvis
	RTinMatrix	1
	RT
		1.000000	0.000000	-0.000000	-0.003448
		0.000000	1.000000	-0.000000	-0.025088
		-0.000000	-0.000000	1.000000	0.032651
		0.000000	0.000000	0.000000	1.000000
endsegment



segment	femur_l_translation
	parent	femur_l_parent_offset
	RTinMatrix	1
	RT
		1.000000	0.000000	0.000000	0.000000
		0.000000	1.000000	0.000000	0.000000
		0.000000	0.000000	1.000000	-0.000000
		0.000000	0.000000	0.000000	1.000000
endsegment



segment	femur_l_rotation_transform
	parent	femur_l_translation
	RTinMatrix	1
	RT
		-0.045820	-0.983251	0.176405	-0.000000
		-0.089793	-0.171822	-0.981027	0.000000
		0.994906	-0.060790	-0.080417	0.000000
		0.000000	0.000000	0.000000	1.000000
	rotations	xyz
	rangesQ 
		-0.698132	2.094395
		-1.047198	0.523599
		-0.523599	0.523599

endsegment



segment	femur_l_reset_axis
	parent	femur_l_rotation_transform
	RTinMatrix	1
	RT
		-0.000000	-0.000000	1.000000	0.000000
		-1.000000	-0.000000	0.000000	0.000000
		-0.000000	-1.000000	0.000000	0.000000
		0.000000	0.000000	0.000000	1.000000
endsegment



segment	femur_l
	parent	femur_l_reset_axis
	RTinMatrix	1
	RT
		1.000000	0.000000	-0.000000	-0.060283
		0.000000	1.000000	-0.000000	-0.034495
		-0.000000	-0.000000	1.000000	-0.107920
		0.000000	0.000000	0.000000	1.000000
	mass	8.686014994691215
	CenterOfMass	-0.011478	-0.180487	0.006409
	inertia
		0.145050	0.000000	-0.000000
		0.000000	0.038023	-0.000000
		-0.000000	-0.000000	0.152958
	meshfile	../../../external/biomechanics_models/Geometry_triangle/femur_l.vtp
	meshcolor	1.0	1.0	1.0
	meshscale	1.0770412567359982	1.0770412567359982	1.0770412567359982
	meshrt	-1.825219544747546e-14	4.6493561032084505e-15	2.708952455071059e-14	xyz	-0.011477817077876318	0.002610088009225131	0.006409334814825196
endsegment

marker	LGT
	parent	femur_l
	position	-0.01107039	0.00551686	-0.08432083
	technical	1
	anatomical	0
endmarker
marker	LLFE
	parent	femur_l
	position	-0.00830889	-0.41701974	-0.04750215
	technical	1
	anatomical	0
endmarker
marker	LMFE
	parent	femur_l
	position	-0.01449709	-0.43507841	0.06056138
	technical	1
	anatomical	0
endmarker
marker	L_fem_up
	parent	femur_l
	position	0.00067664	-0.18400192	-0.09278250
	technical	1
	anatomical	0
endmarker
marker	L_fem_downF
	parent	femur_l
	position	0.02189991	-0.30690608	-0.07100724
	technical	1
	anatomical	0
endmarker
marker	L_fem_downB
	parent	femur_l
	position	-0.02887246	-0.32123142	-0.06654568
	technical	1
	anatomical	0
endmarker



segment	tibia_l_parent_offset
	parent	femur_l
	RTinMatrix	1
	RT
		0.997903	0.056693	-0.031224	-0.011403
		-0.059825	0.992050	-0.110719	-0.426049
		0.024698	0.112355	0.993361	0.006530
		0.000000	0.000000	0.000000	1.000000
endsegment



segment	tibia_l_translation
	parent	tibia_l_parent_offset
	RTinMatrix	1
	RT
		1.000000	0.000000	-0.000000	0.000000
		0.000000	1.000000	-0.000000	0.000000
		-0.000000	-0.000000	1.000000	-0.000000
		0.000000	0.000000	0.000000	1.000000
endsegment



segment	tibia_l_rotation_transform
	parent	tibia_l_translation
	RTinMatrix	1
	RT
		-0.000000	0.059940	-0.998202	0.000000
		-0.000000	0.998202	0.059940	0.000000
		1.000000	-0.000000	0.000000	0.000000
		0.000000	0.000000	0.000000	1.000000
	rotations	x
	rangesQ 
		-2.617994	0.000000

endsegment



segment	tibia_l_reset_axis
	parent	tibia_l_rotation_transform
	RTinMatrix	1
	RT
		-0.000000	-0.000000	1.000000	-0.000000
		0.000000	1.000000	-0.000000	0.000000
		-1.000000	-0.000000	0.000000	0.000000
		0.000000	0.000000	0.000000	1.000000
endsegment



segment	tibia_l_geom_2
	parent	tibia_l_reset_axis
	RTinMatrix	1
	RT
		1.000000	0.000000	-0.000000	0.000000
		0.000000	1.000000	-0.000000	0.000000
		-0.000000	-0.000000	1.000000	0.000000
		0.000000	0.000000	0.000000	1.000000
	meshfile	../../../external/biomechanics_models/Geometry_triangle/fibula_l.vtp
	meshcolor	1.0	1.0	1.0
	meshscale	0.9450941486722327	0.9450941486722327	0.9450941486722327
	meshrt	-0.11266351371163852	0.024533391728328472	0.05710255188814971	xyz	-0.0011029533855569928	0.008475969487999058	-0.0010707804420467815
endsegment



segment	tibia_l
	parent	tibia_l_geom_2
	RTinMatrix	1
	RT
		1.000000	0.000000	-0.000000	0.000000
		0.000000	1.000000	-0.000000	0.000000
		-0.000000	-0.000000	1.000000	-0.000000
		0.000000	0.000000	0.000000	1.000000
	mass	3.0380586098200664
	CenterOfMass	0.009389	-0.166541	0.018761
	inertia
		0.036772	0.001957	-0.000212
		0.001957	0.004275	0.003754
		-0.000212	0.003754	0.036976
	meshfile	../../../external/biomechanics_models/Geometry_triangle/tibia_l.vtp
	meshcolor	1.0	1.0	1.0
	meshscale	0.9450941486722327	0.9450941486722327	0.9450941486722327
	meshrt	-0.11266351371163852	0.024533391728328472	0.05710255188814971	xyz	-0.0011029533855569928	0.008475969487999058	-0.0010707804420467815
endsegment

marker	LATT
	parent	tibia_l
	position	0.03773473	-0.03666818	0.00219132
	technical	1
	anatomical	0
endmarker
marker	LLM
	parent	tibia_l
	position	0.01462255	-0.38546684	-0.00038723
	technical	1
	anatomical	0
endmarker
marker	LSPH
	parent	tibia_l
	position	0.03042432	-0.36470893	0.08048890
	technical	1
	anatomical	0
endmarker
marker	L_tib_up
	parent	tibia_l
	position	0.05167109	-0.16592652	0.01767296
	technical	1
	anatomical	0
endmarker
marker	L_tib_downF
	parent	tibia_l
	position	0.06465318	-0.27132991	-0.00651156
	technical	1
	anatomical	0
endmarker
marker	L_tib_downB
	parent	tibia_l
	position	0.05971012	-0.25985803	0.03303834
	technical	1
	anatomical	0
endmarker



segment	talus_l_parent_offset
	parent	tibia_l
	RTinMatrix	1
	RT
		0.998070	-0.059463	0.017919	0.023062
		0.057054	0.991883	0.113633	-0.394616
		-0.024531	-0.112391	0.993361	0.044604
		0.000000	0.000000	0.000000	1.000000
endsegment



segment	talus_l_translation
	parent	talus_l_parent_offset
	RTinMatrix	1
	RT
		1.000000	0.000000	-0.000000	0.000000
		0.000000	1.000000	-0.000000	0.000000
		-0.000000	-0.000000	1.000000	-0.000000
		0.000000	0.000000	0.000000	1.000000
endsegment



segment	talus_l_ankle_angle_l
	parent	talus_l_translation
	RTinMatrix	1
	RT
		0.105014	0.994023	0.029823	-0.000000
		0.174022	-0.047895	0.983576	-0.000000
		0.979126	-0.098099	-0.178012	0.000000
		0.000000	0.000000	0.000000	1.000000
	rotations	x
	rangesQ 
		-0.872665	0.523599

endsegment



segment	talus_l_rotation_1
	parent	talus_l_ankle_angle_l
	RTinMatrix	1
	RT
		0.958067	0.174022	0.227649	0.000000
		0.247839	-0.104508	-0.963148	0.000000
		-0.143818	0.979180	-0.143255	-0.000000
		0.000000	0.000000	0.000000	1.000000
endsegment



segment	talus_l_rotation_2
	parent	talus_l_rotation_1
	RTinMatrix	1
	RT
		-0.954037	0.190711	0.231176	-0.000000
		0.196021	0.980600	0.000000	0.000000
		-0.226691	0.045315	-0.972912	0.000000
		0.000000	0.000000	0.000000	1.000000
endsegment



segment	talus_l_reset_axis
	parent	talus_l_rotation_2
	RTinMatrix	1
	RT
		-0.104572	0.196021	-0.975008	0.000000
		0.020904	0.980600	0.194903	-0.000000
		0.994298	-0.000000	-0.106641	0.000000
		0.000000	0.000000	0.000000	1.000000
endsegment



segment	talus_l
	parent	talus_l_reset_axis
	RTinMatrix	1
	RT
		1.000000	0.000000	-0.000000	0.000000
		0.000000	1.000000	-0.000000	0.000000
		-0.000000	-0.000000	1.000000	0.000000
		0.000000	0.000000	0.000000	1.000000
	mass	0.08898133172726456
	CenterOfMass	0.000000	0.000000	0.000000
	inertia
		0.000937	0.000000	0.000000
		0.000000	0.000937	0.000000
		0.000000	0.000000	0.000937
	meshfile	../../../external/biomechanics_models/Geometry_triangle/talus_lv.vtp
	meshcolor	1.0	1.0	1.0
	meshscale	1.0262637463639717	1.0262637463639717	1.0262637463639717
	meshrt	0.0	0.0	0.0	xyz	0.0	0.0	0.0
endsegment



segment	calcn_l_parent_offset
	parent	talus_l
	RTinMatrix	1
	RT
		1.000000	0.000000	-0.000000	-0.054057
		0.000000	1.000000	-0.000000	0.353999
		-0.000000	-0.000000	1.000000	-0.006719
		0.000000	0.000000	0.000000	1.000000
endsegment



segment	calcn_l_translation
	parent	calcn_l_parent_offset
	RTinMatrix	1
	RT
		1.000000	0.000000	-0.000000	0.000000
		0.000000	1.000000	-0.000000	0.000000
		-0.000000	-0.000000	1.000000	-0.000000
		0.000000	0.000000	0.000000	1.000000
endsegment



segment	calcn_l_subtalar_angle_l
	parent	calcn_l_translation
	RTinMatrix	1
	RT
		-0.787180	-0.098177	-0.608859	0.000000
		-0.604747	-0.070736	0.793270	-0.000000
		-0.120949	0.992652	-0.003690	0.000000
		0.000000	0.000000	0.000000	1.000000
	rotations	x
	rangesQ 
		-0.261799	0.261799

endsegment



segment	calcn_l_rotation_1
	parent	calcn_l_subtalar_angle_l
	RTinMatrix	1
	RT
		-0.741909	-0.604747	0.289571	-0.000000
		0.419291	-0.081436	0.904192	0.000000
		-0.523226	0.792243	0.313983	0.000000
		0.000000	0.000000	0.000000	1.000000
endsegment



segment	calcn_l_rotation_2
	parent	calcn_l_rotation_1
	RTinMatrix	1
	RT
		0.666080	0.651259	0.363591	0.000000
		-0.699107	0.715017	-0.000000	-0.000000
		-0.259974	-0.254189	0.931559	0.000000
		0.000000	0.000000	0.000000	1.000000
endsegment



segment	calcn_l_reset_axis
	parent	calcn_l_rotation_2
	RTinMatrix	1
	RT
		0.706724	-0.699107	0.108587	0.000000
		0.690998	0.715017	0.106171	0.000000
		-0.151867	-0.000000	0.988401	-0.000000
		0.000000	0.000000	0.000000	1.000000
endsegment



segment	calcn_l
	parent	calcn_l_reset_axis
	RTinMatrix	1
	RT
		1.000000	0.000000	-0.000000	0.004006
		0.000000	1.000000	-0.000000	-0.397051
		-0.000000	-0.000000	1.000000	-0.001409
		0.000000	0.000000	0.000000	1.000000
	mass	1.1122666465908069
	CenterOfMass	0.103246	0.030833	-0.004254
	inertia
		0.001312	0.000000	-0.000000
		0.000000	0.003655	-0.000000
		-0.000000	-0.000000	0.003842
	meshfile	../../../external/biomechanics_models/Geometry_triangle/l_foot.vtp
	meshcolor	1.0	1.0	1.0
	meshscale	1.0262637463639717	1.0262637463639717	1.0262637463639717
	meshrt	-1.4231652111469506e-08	2.326326416648446e-09	2.3644120259124122e-08	xyz	0.0006192919380287876	4.462459488917617e-05	-0.0042536163107009806
endsegment

marker	LCAL
	parent	calcn_l
	position	-0.00588123	0.02014044	0.00599464
	technical	1
	anatomical	0
endmarker
marker	LMFH1
	parent	calcn_l
	position	0.18312627	0.01128805	0.04235440
	technical	1
	anatomical	0
endmarker
marker	LMFH5
	parent	calcn_l
	position	0.18345607	-0.00084819	-0.06713075
	technical	1
	anatomical	0
endmarker
marker	L_foot_up
	parent	calcn_l
	position	0.13968476	0.06640869	-0.01152694
	technical	1
	anatomical	0
endmarker



segment	toes_l_parent_offset
	parent	calcn_l
	RTinMatrix	1
	RT
		1.000000	0.000000	-0.000000	0.184115
		0.000000	1.000000	-0.000000	-0.002008
		-0.000000	-0.000000	1.000000	-0.005362
		0.000000	0.000000	0.000000	1.000000
endsegment



segment	toes_l_translation
	parent	toes_l_parent_offset
	RTinMatrix	1
	RT
		1.000000	0.000000	-0.000000	-0.000000
		0.000000	1.000000	-0.000000	-0.000000
		-0.000000	-0.000000	1.000000	0.000000
		0.000000	0.000000	0.000000	1.000000
endsegment



segment	toes_l_rotation_transform
	parent	toes_l_translation
	RTinMatrix	1
	RT
		0.580954	-0.085459	-0.809437	0.000000
		0.000000	0.994473	-0.104995	0.000000
		0.813936	0.060997	0.577743	0.000000
		0.000000	0.000000	0.000000	1.000000
endsegment



segment	toes_l_reset_axis
	parent	toes_l_rotation_transform
	RTinMatrix	1
	RT
		0.580954	-0.000000	0.813936	0.000000
		0.000000	1.000000	-0.000000	-0.000000
		-0.813936	-0.000000	0.580954	-0.000000
		0.000000	0.000000	0.000000	1.000000
endsegment



segment	toes_l
	parent	toes_l_reset_axis
	RTinMatrix	1
	RT
		1.000000	0.000000	-0.000000	-0.000000
		0.000000	1.000000	-0.000000	-0.000000
		-0.000000	-0.000000	1.000000	0.000000
		0.000000	0.000000	0.000000	1.000000
	mass	0.192733564521255
	CenterOfMass	0.035509	0.006158	0.017960
	inertia
		0.000094	0.000000	0.000000
		0.000000	0.000187	0.000000
		0.000000	0.000000	0.000937
	meshfile	../../../external/biomechanics_models/Geometry_triangle/l_bofoot.vtp
	meshcolor	1.0	1.0	1.0
	meshscale	1.0262637463639717	1.0262637463639717	1.0262637463639717
	meshrt	0.0	0.0	0.0	xyz	0.0	0.0	0.0
endsegment

marker	LTT2
	parent	toes_l
	position	0.05524419	0.02412457	-0.01246423
	technical	1
	anatomical	0
endmarker



segment	torso_parent_offset
	parent	pelvis
	RTinMatrix	1
	RT
		1.000000	0.000000	0.000000	-0.090773
		0.000000	1.000000	0.000000	0.073465
		0.000000	0.000000	1.000000	-0.000000
		0.000000	0.000000	0.000000	1.000000
endsegment



segment	torso_translation
	parent	torso_parent_offset
	RTinMatrix	1
	RT
		1.000000	0.000000	0.000000	0.000000
		0.000000	1.000000	0.000000	-0.000000
		0.000000	0.000000	1.000000	-0.000000
		0.000000	0.000000	0.000000	1.000000
endsegment



segment	torso_rotation_transform
	parent	torso_translation
	RTinMatrix	1
	RT
		-0.017880	0.994769	-0.100573	-0.000000
		-0.019638	0.100220	0.994771	0.000000
		0.999647	0.019762	0.017744	0.000000
		0.000000	0.000000	0.000000	1.000000
	rotations	xyz
	rangesQ 
		-1.570796	0.785398
		-0.610865	0.610865
		-0.785398	0.785398

endsegment



segment	torso_reset_axis
	parent	torso_rotation_transform
	RTinMatrix	1
	RT
		0.000000	-0.000000	1.000000	0.000000
		1.000000	0.000000	0.000000	0.000000
		0.000000	1.000000	-0.000000	0.000000
		0.000000	0.000000	0.000000	1.000000
endsegment



segment	torso_geom_2
	parent	torso_reset_axis
	RTinMatrix	1
	RT
		1.000000	0.000000	0.000000	0.000000
		0.000000	1.000000	-0.000000	0.000000
		0.000000	-0.000000	1.000000	-0.000000
		0.000000	0.000000	0.000000	1.000000
	meshfile	../../../external/biomechanics_models/Geometry_triangle/hat_ribs_scap.vtp
	meshcolor	1.0	1.0	1.0
	meshscale	1.0645222389724176	0.8736517762090814	1.0483017247559567
	meshrt	0.0	0.0	0.0	xyz	0.0	0.0	0.0
endsegment



segment	torso
	parent	torso_geom_2
	RTinMatrix	1
	RT
		1.000000	0.000000	0.000000	0.000000
		0.000000	1.000000	-0.000000	0.000000
		0.000000	-0.000000	1.000000	0.000000
		0.000000	0.000000	0.000000	1.000000
	mass	18.295235546796935
	CenterOfMass	0.003194	0.214918	0.000000
	inertia
		0.611349	0.000000	0.000000
		0.000000	0.411771	0.000000
		0.000000	0.000000	0.798906
	meshfile	../../../external/biomechanics_models/Geometry_triangle/hat_spine.vtp
	meshcolor	1.0	1.0	1.0
	meshscale	1.0645222389724176	0.8736517762090814	1.0483017247559567
	meshrt	0.0	0.0	0.0	xyz	0.0	0.0	0.0
endsegment

marker	STR
	parent	torso
	position	0.07637213	0.21966702	-0.00012045
	technical	1
	anatomical	0
endmarker
marker	RA
	parent	torso
	position	-0.03358913	0.38433174	0.15585071
	technical	1
	anatomical	0
endmarker
marker	LA
	parent	torso
	position	-0.03410928	0.39018608	-0.15858407
	technical	1
	anatomical	0
endmarker
marker	C7
	parent	torso
	position	-0.11498433	0.40123561	0.01110173
	technical	1
	anatomical	0
endmarker
marker	T10
	parent	torso
	position	-0.11908661	0.15577307	0.00696943
	technical	1
	anatomical	0
endmarker
marker	SUP
	parent	torso
	position	0.02027815	0.34566573	0.00486382
	technical	1
	anatomical	0
endmarker



segment	head_and_neck_parent_offset
	parent	torso
	RTinMatrix	1
	RT
		1.000000	0.000000	0.000000	-0.010645
		0.000000	1.000000	-0.000000	0.388775
		0.000000	-0.000000	1.000000	-0.000000
		0.000000	0.000000	0.000000	1.000000
endsegment



segment	head_and_neck_translation
	parent	head_and_neck_parent_offset
	RTinMatrix	1
	RT
		1.000000	0.000000	0.000000	-0.000000
		0.000000	1.000000	-0.000000	-0.000000
		0.000000	-0.000000	1.000000	0.000000
		0.000000	0.000000	0.000000	1.000000
endsegment



segment	head_and_neck_rotation_transform
	parent	head_and_neck_translation
	RTinMatrix	1
	RT
		-0.034355	0.956165	-0.290805	-0.000000
		-0.067324	0.288101	0.955230	0.000000
		0.997140	0.052395	0.054475	-0.000000
		0.000000	0.000000	0.000000	1.000000
	rotations	xyz
	rangesQ 
		-1.745330	1.047198
		-0.600000	0.600000
		-1.221700	1.221700

endsegment



segment	head_and_neck_reset_axis
	parent	head_and_neck_rotation_transform
	RTinMatrix	1
	RT
		-0.000000	-0.000000	1.000000	-0.000000
		1.000000	0.000000	-0.000000	0.000000
		0.000000	1.000000	-0.000000	-0.000000
		0.000000	0.000000	0.000000	1.000000
endsegment



segment	head_and_neck_geom_2
	parent	head_and_neck_reset_axis
	RTinMatrix	1
	RT
		1.000000	0.000000	-0.000000	0.000000
		0.000000	1.000000	-0.000000	0.060000
		-0.000000	-0.000000	1.000000	-0.000000
		0.000000	0.000000	0.000000	1.000000
	meshfile	../../../external/biomechanics_models/Geometry_triangle/skull.vtp
	meshcolor	1.0	1.0	1.0
	meshscale	0.9724893537183223	0.9724893537183223	0.9724893537183223
	meshrt	0.0	0.0	0.0	xyz	0.0	0.0	0.0
endsegment



segment	head_and_neck
	parent	head_and_neck_geom_2
	RTinMatrix	1
	RT
		1.000000	0.000000	-0.000000	-0.000000
		0.000000	1.000000	-0.000000	-0.000000
		-0.000000	-0.000000	1.000000	0.000000
		0.000000	0.000000	0.000000	1.000000
	mass	3.95455492846674
	CenterOfMass	-0.005835	0.144901	0.000000
	inertia
		0.021398	0.000180	0.000200
		0.000180	0.013916	0.000089
		0.000200	0.000089	0.021478
	meshfile	../../../external/biomechanics_models/Geometry_triangle/jaw.vtp
	meshcolor	1.0	1.0	1.0
	meshscale	0.9724893537183223	0.9724893537183223	0.9724893537183223
	meshrt	0.0	0.0	0.0	xyz	0.0	0.0	0.0
endsegment

marker	SEL
	parent	head_and_neck
	position	0.12947488	0.15401728	0.00561940
	technical	1
	anatomical	0
endmarker
marker	OCC
	parent	head_and_neck
	position	-0.08100972	0.07005716	-0.00423923
	technical	1
	anatomical	0
endmarker
marker	RTEMP
	parent	head_and_neck
	position	0.02299608	0.13753588	0.10180349
	technical	1
	anatomical	0
endmarker
marker	LTEMP
	parent	head_and_neck
	position	0.02047828	0.12187213	-0.09365587
	technical	1
	anatomical	0
endmarker
marker	HV
	parent	head_and_neck
	position	-0.01051005	0.24690880	0.00104847
	technical	1
	anatomical	0
endmarker



segment	humerus_r_parent_offset
	parent	torso
	RTinMatrix	1
	RT
		1.000000	0.000000	0.000000	0.003359
		0.000000	1.000000	-0.000000	0.324562
		0.000000	-0.000000	1.000000	0.178211
		0.000000	0.000000	0.000000	1.000000
endsegment



segment	humerus_r_translation
	parent	humerus_r_parent_offset
	RTinMatrix	1
	RT
		1.000000	0.000000	0.000000	-0.000000
		0.000000	1.000000	-0.000000	-0.000000
		0.000000	-0.000000	1.000000	0.000000
		0.000000	0.000000	0.000000	1.000000
endsegment



segment	humerus_r_rotation_transform
	parent	humerus_r_translation
	RTinMatrix	1
	RT
		-0.797068	0.574907	0.184837	0.000000
		0.187262	-0.055686	0.980730	0.000000
		0.574121	0.816322	-0.063273	0.000000
		0.000000	0.000000	0.000000	1.000000
	rotations	xyz
	rangesQ 
		-1.570796	3.141593
		-3.839700	1.570796
		-1.570796	1.570796

endsegment



segment	humerus_r_reset_axis
	parent	humerus_r_rotation_transform
	RTinMatrix	1
	RT
		-0.000000	0.000000	1.000000	0.000000
		1.000000	0.000000	-0.000000	-0.000000
		0.000000	1.000000	0.000000	-0.000000
		0.000000	0.000000	0.000000	1.000000
endsegment



segment	humerus_r
	parent	humerus_r_reset_axis
	RTinMatrix	1
	RT
		1.000000	0.000000	-0.000000	-0.000000
		0.000000	1.000000	0.000000	0.000000
		-0.000000	0.000000	1.000000	0.000000
		0.000000	0.000000	0.000000	1.000000
	mass	1.8157420738108154
	CenterOfMass	0.000000	-0.169494	0.000000
	inertia
		0.011330	0.000000	0.000000
		0.000000	0.003908	0.000000
		0.000000	0.000000	0.012717
	meshfile	../../../external/biomechanics_models/Geometry_triangle/humerus_rv.vtp
	meshcolor	1.0	1.0	1.0
	meshscale	1.0303474221129751	1.0303474221129751	1.0303474221129751
	meshrt	0.0	0.0	0.0	xyz	0.0	0.0	0.0
endsegment

marker	RLHE
	parent	humerus_r
	position	0.02880537	-0.28378889	0.01350412
	technical	1
	anatomical	0
endmarker
marker	RMHE
	parent	humerus_r
	position	0.00046530	-0.28425531	-0.04219893
	technical	1
	anatomical	0
endmarker
marker	R_arm_up
	parent	humerus_r
	position	0.01908382	-0.09381484	0.06719658
	technical	1
	anatomical	0
endmarker
marker	R_arm_downF
	parent	humerus_r
	position	0.04825030	-0.20616760	0.03070349
	technical	1
	anatomical	0
endmarker
marker	R_arm_downB
	parent	humerus_r
	position	0.00923522	-0.20350073	0.05804303
	technical	1
	anatomical	0
endmarker



segment	ulna_r_parent_offset
	parent	humerus_r
	RTinMatrix	1
	RT
		1.000000	0.000000	-0.000000	0.013543
		0.000000	1.000000	0.000000	-0.294961
		-0.000000	0.000000	1.000000	-0.009886
		0.000000	0.000000	0.000000	1.000000
endsegment



segment	ulna_r_translation
	parent	ulna_r_parent_offset
	RTinMatrix	1
	RT
		1.000000	0.000000	-0.000000	0.000000
		0.000000	1.000000	0.000000	0.000000
		-0.000000	0.000000	1.000000	0.000000
		0.000000	0.000000	0.000000	1.000000
endsegment



segment	ulna_r_elbow_flex_r
	parent	ulna_r_translation
	RTinMatrix	1
	RT
		0.226047	-0.375527	-0.898823	-0.000000
		0.022269	0.924457	-0.380636	0.000000
		0.973862	0.066026	0.217333	0.000000
		0.000000	0.000000	0.000000	1.000000
	rotations	x
	rangesQ 
		0.000000	3.141593

endsegment



segment	ulna_r_rotation_1
	parent	ulna_r_elbow_flex_r
	RTinMatrix	1
	RT
		0.445013	0.022269	0.895247	0.000000
		0.150249	0.983663	-0.099155	0.000000
		-0.882830	0.178635	0.434397	0.000000
		0.000000	0.000000	0.000000	1.000000
endsegment



segment	ulna_r_rotation_2
	parent	ulna_r_rotation_1
	RTinMatrix	1
	RT
		-0.127225	0.426555	0.895469	-0.000000
		0.958284	0.285819	0.000000	-0.000000
		-0.255942	0.858113	-0.445124	0.000000
		0.000000	0.000000	0.000000	1.000000
endsegment



segment	ulna_r_reset_axis
	parent	ulna_r_rotation_2
	RTinMatrix	1
	RT
		-0.064625	0.958284	-0.278417	0.000000
		0.216671	0.285819	0.933467	-0.000000
		0.974103	0.000000	-0.226103	0.000000
		0.000000	0.000000	0.000000	1.000000
endsegment



segment	ulna_r
	parent	ulna_r_reset_axis
	RTinMatrix	1
	RT
		1.000000	0.000000	-0.000000	0.000000
		0.000000	1.000000	0.000000	-0.000000
		-0.000000	0.000000	1.000000	0.000000
		0.000000	0.000000	0.000000	1.000000
	mass	0.5087978873788339
	CenterOfMass	0.000000	-0.116422	0.000000
	inertia
		0.002315	0.000000	0.000000
		0.000000	0.000483	0.000000
		0.000000	0.000000	0.002511
	meshfile	../../../external/biomechanics_models/Geometry_triangle/ulna_rv.vtp
	meshcolor	1.0	1.0	1.0
	meshscale	0.9659599118180414	0.9659599118180414	0.9659599118180414
	meshrt	0.0	0.0	0.0	xyz	0.0	0.0	0.0
endsegment



segment	radius_r_parent_offset
	parent	ulna_r
	RTinMatrix	1
	RT
		1.000000	0.000000	-0.000000	-0.006498
		0.000000	1.000000	0.000000	-0.012564
		-0.000000	0.000000	1.000000	0.025195
		0.000000	0.000000	0.000000	1.000000
endsegment



segment	radius_r_translation
	parent	radius_r_parent_offset
	RTinMatrix	1
	RT
		1.000000	0.000000	-0.000000	0.000000
		0.000000	1.000000	0.000000	0.000000
		-0.000000	0.000000	1.000000	0.000000
		0.000000	0.000000	0.000000	1.000000
endsegment



segment	radius_r_pro_sup_r
	parent	radius_r_translation
	RTinMatrix	1
	RT
		0.056398	0.963703	-0.260951	0.000000
		0.998406	-0.053927	0.016628	0.000000
		0.001952	-0.261473	-0.965209	0.000000
		0.000000	0.000000	0.000000	1.000000
	rotations	x
	rangesQ 
		-3.141593	3.141593

endsegment



segment	radius_r_rotation_1
	parent	radius_r_pro_sup_r
	RTinMatrix	1
	RT
		0.035490	0.998406	-0.043875	0.000000
		0.989522	-0.028958	0.141449	0.000000
		0.139953	-0.048435	-0.988973	0.000000
		0.000000	0.000000	0.000000	1.000000
endsegment



segment	radius_r_rotation_2
	parent	radius_r_rotation_1
	RTinMatrix	1
	RT
		-0.347903	0.523904	-0.777488	-0.000000
		0.833052	0.553195	0.000000	-0.000000
		0.430103	-0.647688	-0.628898	-0.000000
		0.000000	0.000000	0.000000	1.000000
endsegment



segment	radius_r_reset_axis
	parent	radius_r_rotation_2
	RTinMatrix	1
	RT
		-0.552864	0.833052	-0.019140	-0.000000
		0.832553	0.553195	0.028821	0.000000
		0.034598	-0.000000	-0.999401	0.000000
		0.000000	0.000000	0.000000	1.000000
endsegment



segment	radius_r
	parent	radius_r_reset_axis
	RTinMatrix	1
	RT
		1.000000	0.000000	0.000000	-0.000000
		0.000000	1.000000	0.000000	-0.000000
		0.000000	0.000000	1.000000	0.000000
		0.000000	0.000000	0.000000	1.000000
	mass	0.5087978873788339
	CenterOfMass	0.000000	-0.116422	0.000000
	inertia
		0.002315	0.000000	0.000000
		0.000000	0.000483	0.000000
		0.000000	0.000000	0.002511
	meshfile	../../../external/biomechanics_models/Geometry_triangle/radius_rv.vtp
	meshcolor	1.0	1.0	1.0
	meshscale	0.9659599118180414	0.9659599118180414	0.9659599118180414
	meshrt	0.0	0.0	0.0	xyz	0.0	0.0	0.0
endsegment

marker	RUS
	parent	radius_r
	position	-0.01628195	-0.21042595	-0.01443145
	technical	1
	anatomical	0
endmarker
marker	RRS
	parent	radius_r
	position	-0.00238216	-0.22582256	0.04809996
	technical	1
	anatomical	0
endmarker
marker	R_fore_up
	parent	radius_r
	position	-0.01237251	-0.04015208	0.00393484
	technical	1
	anatomical	0
endmarker
marker	R_fore_downF
	parent	radius_r
	position	-0.03091423	-0.14738667	0.01699428
	technical	1
	anatomical	0
endmarker
marker	R_fore_downB
	parent	radius_r
	position	-0.01183166	-0.13399447	-0.01710299
	technical	1
	anatomical	0
endmarker



segment	lunate_r_parent_offset
	parent	radius_r
	RTinMatrix	1
	RT
		1.000000	0.000000	0.000000	-0.008498
		0.000000	0.995004	-0.099833	-0.227813
		0.000000	0.099833	0.995004	0.013147
